739.1734275817871
604.6635259389877
516.6828572750092
451.9084431529045
406.8587173819542
370.4085183143616
334.1672120690346
322.7560648918152
305.1960559487343
296.9384052157402
288.33496630191803
279.5831758081913
277.06925970315933
271.6603017151356
267.9457708001137
263.27678975462914
259.48478946089745
259.0670056641102
254.18891686201096
253.69406992197037
249.13474199175835
246.73389196395874
247.10899248719215
245.52837988734245
243.00624164938927
240.44831502437592
236.44797015190125
232.45993494987488
232.4265080988407
235.52397456765175
232.9156123995781
233.42074459791183
230.463262706995
226.5850786268711
228.74419727921486
225.6783705353737
221.82029131054878
223.06248524785042
221.93602707982063
221.2125020623207
221.85773050785065
218.91114369034767
218.83422547578812
218.12455594539642
217.29435381293297
213.39440515637398
209.21651223301888
214.94942674040794
213.37178233265877
208.690539509058
209.0908823311329
206.2295517027378
206.54037672281265
204.71936756372452
203.17482009530067
201.50152438879013
203.92694556713104
200.87477549910545
199.7568384706974
198.25578865408897
194.95916664600372
198.14093604683876
198.0814509689808
192.0347937643528
192.03439158201218
190.90645942091942
187.25847560167313
192.1249696612358
186.73934638500214
185.5661916434765
184.86648240685463
186.03810533881187
180.85339456796646
183.14385582506657
180.86820542812347
178.0911410152912
178.13865959644318
177.71210289001465
172.5586355626583
175.62839797139168
171.2874707877636
173.253712952137
169.41304032504559
169.06920143961906
167.20447880029678
165.803220808506
164.14769066870213
163.48365019261837
161.62227185070515
163.04100868105888
159.73329485952854
161.3172602057457
157.44049023091793
154.2842000424862
153.66856701672077
155.27608685195446
150.0092931240797
149.39494307339191
146.3232964426279
146.45182809233665
147.1947730332613
145.20961046218872
141.47838513553143
143.89293663203716
141.61319886147976
142.798361197114
138.43231283128262
136.80233784019947
134.91790445148945
133.57336965203285
134.3166585713625
131.23779860138893
128.89581651985645
128.16112446784973
128.887381285429
126.88150271773338
123.65406601130962
121.8232143074274
120.07040067017078
115.91610357165337
117.64610013365746
116.36374448239803
112.47482047975063
111.5910097360611
112.3197291046381
107.15210941433907
104.89956925809383
105.1448780298233
104.37067525833845
101.74334491789341
100.56966307014227
98.19290035218
94.71326107531786
93.51825057715178
91.96896211057901
89.16007532924414
90.74655193835497
87.49400475621223
83.408039547503
83.10518494993448
78.08946908265352
78.7725505232811
77.93722955882549
73.60383941978216
74.03328323736787
71.4522692412138
69.44819015264511
67.19550313800573
63.38683693856001
62.2127476260066
60.63577852025628
59.66827806457877
58.57263842597604
52.51600943133235
52.14194767922163
50.47142221406102
48.48091746866703
46.644834188744426
42.8307017814368
42.62068129889667
38.92649124376476
37.94513207115233
34.44654978066683
33.96181616000831
31.710078570991755
30.24300434999168
26.478860683739185
25.428524133749306
24.138676620088518
20.249956398271024
19.463335875421762
17.856907659210265
15.311862829141319
14.977594275958836
12.779734651558101
12.502410415560007
11.207128413952887
9.744238627143204
8.784369878470898
8.373798729619011
7.366267802659422
7.163639730075374
5.796857236186042
5.233786905417219
4.980177947087213
4.44850338739343
3.9731553399469703
3.9105367369484156
3.373271810822189
3.4175607743673027
3.2723671027924865
2.8750967014348134
3.006643516710028
2.5837892830604687
2.692708707298152
