665.6699124574661
495.85960257053375
395.4835271835327
328.5819368362427
288.23319295048714
264.2808644771576
246.7145329117775
234.44211608171463
225.16764578223228
220.74081763625145
217.7703448832035
208.5541172325611
209.39167520403862
206.34831443428993
202.55913823843002
200.00423076748848
197.80887758731842
195.47027292847633
191.29110923409462
189.90721568465233
188.22639960050583
185.5408572256565
184.38306392729282
181.5243738591671
182.19956094026566
182.14021506905556
178.40437334775925
178.69008068740368
176.22794064879417
173.88432464003563
173.27044847607613
173.91762720048428
174.98844441771507
171.8070611357689
171.54247285425663
169.71477511525154
168.46270482242107
168.46741880476475
167.99957332015038
164.3692108988762
166.1999650001526
163.4425746947527
163.90543328225613
162.40064996480942
160.40011969208717
160.84238430857658
161.60843980312347
161.92641192674637
162.1231218278408
157.44981218874454
159.16857580840588
155.82888458669186
156.55824826657772
156.7874311953783
154.4476074576378
154.975042283535
154.2520451694727
153.20531392097473
152.23640356957912
153.3441634774208
150.66903880238533
149.71819807589054
149.37311662733555
145.95946191251278
147.8442488461733
148.9628818333149
146.47781752049923
146.42953695356846
141.63374683260918
142.96301352977753
142.11987160146236
142.67794579267502
139.0215695798397
139.30873282253742
136.71240250766277
137.34790216386318
133.0592184662819
132.88092897832394
132.739259198308
135.2870765849948
131.276250526309
132.18325147032738
130.8826506435871
130.41839794814587
128.63514034450054
128.58206769824028
