698.8664412498474
549.5088250637054
443.2222253084183
378.04862439632416
330.8849172592163
294.57999461889267
268.83451253175735
253.72605395317078
241.55163910984993
229.79154548048973
223.8922113776207
217.65547761321068
211.33402785658836
205.13998201489449
200.76444625854492
196.43059939146042
191.92997255921364
188.76053285598755
187.59327495098114
184.23448812961578
180.27673563361168
179.3152845799923
176.76227140426636
172.7790625244379
173.1996551156044
169.7108107060194
167.77346861362457
165.38065493106842
165.29323941469193
163.6576020270586
162.13888739049435
162.08207102119923
158.9593695551157
158.6144686192274
156.95820672810078
156.72015911340714
156.0816143900156
152.0678836554289
155.13015811145306
152.54692804813385
149.63871371746063
149.2940173894167
150.2260408848524
146.63361586630344
147.98033721745014
145.5127585530281
143.96891036629677
144.36572785675526
143.66390347480774
143.38510788977146
142.5499158501625
142.0812292098999
140.5496245920658
140.12363086640835
138.6942766457796
136.80152444541454
136.60155853629112
136.34795126318932
135.32016161084175
134.80250798165798
133.25956058502197
133.62468765676022
131.06861808896065
129.89003863930702
128.74880221486092
126.11509215831757
128.3683738708496
125.61929322779179
126.60315464437008
124.64355956017971
123.21059443056583
123.47084486484528
122.72139066457748
119.2050316631794
121.17272059619427
118.87663705646992
115.5367986112833
115.34037274122238
116.04517814517021
116.28960864245892
113.41174355149269
112.81941069662571
111.99740666151047
112.06949304044247
108.51468513160944
107.38981586694717
107.2979066669941
106.32936428487301
104.42231799662113
101.10441869497299
104.90553919970989
101.25156994909048
100.40673568844795
99.18924070894718
98.44553473591805
99.09068863838911
96.51530069857836
93.80535401403904
95.23532094806433
92.15234664827585
90.15024932473898
90.83274929970503
89.35524064302444
86.23222018778324
84.810123950243
83.65074124932289
83.22596102207899
82.44786909967661
81.0416917949915
79.88481257110834
78.44573159888387
78.60745868086815
73.21636461466551
73.86834268271923
73.3532140031457
70.5911331102252
71.37031565606594
70.73243688046932
68.79300802573562
67.9088653549552
63.845053385943174
63.79039518535137
62.53240343183279
62.051043290644884
58.81750609353185
60.225425601005554
57.78125216439366
55.805639900267124
56.21616103872657
52.61341590061784
52.94443907774985
50.4365118984133
50.91816472262144
46.80820897594094
44.96251968666911
43.73692779801786
42.34620155021548
41.2693887790665
41.64158363454044
39.1452794931829
38.70500730536878
34.08850921038538
34.733985325321555
31.232426011003554
33.07447797432542
32.24288247153163
30.245820921845734
28.67625952605158
26.596852687187493
26.39536534715444
23.60321717802435
23.084327798336744
21.73214716091752
20.118731235153973
18.318301821593195
18.550398785155267
18.500248111784458
14.99006971810013
15.170485037844628
11.779919683001935
12.781929173506796
10.78651993884705
10.261406070087105
9.040173209737986
7.300588043406606
7.953846863936633
6.317907087504864
4.924813692225143
5.288651484530419
3.8062997175147757
3.660247894236818
3.768885619007051
3.129424537648447
2.559122988721356
1.8966681733727455
1.6985611114650965
1.7369702679570764
1.369142887648195
1.2487264947849326
1.2412508694105782
1.052095324441325
0.8561876488383859
0.9166446440503933
0.8434508435893804
0.9234267315478064
0.9211783237988129
0.8266696135979146
0.8407849068753421
0.743649214040488
0.7743839854374528
0.7391168544418178
