6912665
1576064
2677492
1951597
6142658
5013445
4388412
7261074
1801688
1948806
5919131
5574147
1555180
3607170
6422878
6513035
4480702
7568818
2833772
7560938
4011762
1688466
2698240
3228458
2869528
4975459
4858154
7534602
3233497
7221400
2566571
6952498
1607735
5459086
2847530
2929574
2390837
4871711
7259766
3249790
5246084
5971597
2976354
2315736
2931249
1583977
3431734
4455483
4457390
5605430
1924502
5725203
3340389
6132623
6132527
4886412
4132647
4462402
1607425
3805621
4282119
2825025
3945961
3145654
3459159
2417140
5983587
4729014
6155708
3285794
6838235
2768275
4410265
3243590
6497083
2365520
3796876
2072509
4031793
3575721
4675480
5458588
3038630
2385324
1975519
3668090
4996791
7398583
2166665
7306608
4866200
3159919
5778479
2633677
