693.864426612854
549.6967413425446
437.65834152698517
372.0340710878372
322.3300518989563
282.976991802454
259.1258861720562
244.69257205724716
232.31879755854607
222.5404060781002
216.49633160233498
212.63014549016953
206.6713238954544
199.92547410726547
198.31392911076546
192.78898003697395
189.96678522229195
186.30021172761917
181.50851145386696
181.79643854498863
179.22416250407696
175.65571230649948
175.97459056973457
174.74164207279682
170.45615784823895
170.00673104822636
166.88480618596077
166.8875856399536
166.02385561168194
163.38165241479874
163.6954544186592
161.43278689682484
159.93102595210075
157.2360125631094
155.58703549206257
155.60748693346977
156.80074030160904
154.35404355823994
151.491294875741
150.90333250164986
150.73238460719585
150.11888439953327
149.99580885469913
147.5476839095354
145.6746869981289
146.8882010281086
144.23498173058033
143.27803649008274
142.24458388984203
141.25315180420876
144.0169666260481
139.6866269558668
138.08263820409775
138.44158072769642
137.80231460928917
135.24960477650166
134.98633648455143
135.81738311052322
135.04542069137096
133.15922704339027
133.14960592985153
130.47045895457268
130.5676035284996
128.83067782223225
129.0666530430317
127.76121523976326
128.3115559965372
123.56782464683056
122.56593108177185
124.75191630423069
123.98570127785206
120.40270741283894
123.22680224478245
121.25548835098743
118.19556806981564
119.88480794429779
116.90930064022541
116.18556171655655
115.91811414808035
113.6929414793849
112.6640227586031
113.0420790463686
110.38069678843021
112.13678576052189
108.78443519026041
107.57804498076439
105.91499516367912
104.04915775358677
104.90674012899399
105.23147332668304
103.96556863933802
100.08350669592619
100.79061499238014
99.558348685503
