757.2371393442154
645.8080081939697
598.5179067850113
540.8042665719986
487.4433693289757
448.0097524523735
415.922674536705
390.1592054963112
372.14935809373856
355.3412992954254
336.53397250175476
320.0128726363182
312.7421908378601
301.4692859649658
295.2769507467747
289.95255637168884
287.04172387719154
276.47769036889076
274.8428680598736
267.24236074090004
263.24449437856674
264.5702451765537
260.2624383568764
258.49273175001144
257.44920712709427
252.85226383805275
249.82066205143929
247.29902532696724
246.68967425823212
244.1195092499256
243.20559513568878
241.51840952038765
235.47530955076218
237.5414780676365
233.31520581245422
234.85622680187225
233.1108249425888
233.33019679784775
228.23029553890228
232.33151125907898
232.67177256941795
224.66215431690216
224.88768330216408
226.65226331353188
221.7042943239212
224.71328860521317
217.8822601735592
218.02223047614098
217.25542053580284
217.21420148015022
212.82675683498383
211.57974660396576
210.30693739652634
212.75537675619125
210.67188918590546
206.00495037436485
205.59860974550247
209.72331380844116
206.9448536336422
203.475870937109
204.20824187994003
201.68404912948608
202.06963911652565
202.35546323657036
201.65640312433243
196.50888830423355
196.95162573456764
194.39010599255562
197.21670815348625
193.01086694002151
191.7744076550007
189.37949538230896
189.92972415685654
185.82586133480072
186.56730964779854
184.82798793911934
183.89190335571766
181.96678280830383
180.52185958623886
181.72619435191154
177.50925497710705
176.6294646859169
174.32756325602531
174.31643974781036
171.79890796542168
172.38533201813698
169.94226494431496
168.76298156380653
169.48743891716003
168.31100711226463
162.71890746057034
165.38824094831944
163.10081952810287
159.81133598089218
160.5212959498167
158.27658949792385
155.62974202632904
155.40687777101994
156.49217602610588
150.40564347803593
152.84455133974552
149.8941199630499
150.21979862451553
145.48156924545765
145.43400916457176
145.89289310574532
141.67591446638107
140.92474153637886
139.04724651575089
137.54684288799763
135.13214187324047
133.84881427884102
135.78132194280624
132.48562420904636
132.45692448318005
131.96986456215382
131.13390676677227
128.75969131290913
124.3611044883728
122.88366927206516
121.93140780925751
122.77973635494709
114.69119200855494
117.1455666422844
113.77922937273979
110.81254108250141
111.04673222452402
108.83780765533447
107.21951829642057
104.33555528521538
103.50880310684443
103.36175096780062
98.82933555543423
99.5751171708107
95.1100526675582
92.76573143154383
91.92295722663403
88.5170218795538
89.01674698293209
85.54937539994717
85.05296619981527
82.90621200203896
82.03160079568624
78.36050641909242
74.77639089524746
75.65791415423155
70.14871511608362
70.6876938790083
70.16093726083636
66.45477689430118
66.31708911061287
61.20539863035083
60.12421911582351
59.253868993371725
54.9620986841619
52.680771466344595
50.24221459031105
48.27379841543734
45.95172876492143
43.41696843132377
43.02183237019926
39.06255432404578
37.69694850035012
35.64103268459439
34.06534788571298
32.97706170193851
28.888349656015635
27.356565876863897
26.92534364387393
25.990764694288373
23.132396209985018
20.631084201857448
19.495119114406407
16.61071420647204
15.87341296672821
13.987062577623874
12.56332958326675
12.645207808353007
10.540707411011681
9.821440239902586
9.0945287742652
7.927101881476119
7.056205627741292
6.3432492492720485
5.59180816472508
4.8829782858956605
4.854499581735581
4.2812902892474085
4.427772800670937
3.865627678576857
3.953059493098408
3.361712313373573
3.2769468555925414
3.3209870028076693
2.90192905778531
3.204404746298678
3.136930746724829
3.0114499104674906
3.1913547101430595
3.067292501218617
2.8806205997243524
2.9383248697267845
2.864315095008351
3.0236493019619957
2.8399763556662947
2.7431423456873745
3.0419636054430157
3.0091376416385174
3.0039416012587026
2.938898504478857
2.5650903773494065
2.9903120193630457
2.909249389427714
2.9007015561219305
2.9228470460511744
2.8963542882120237
3.0802739307982847
3.8598514564801008
4.155053635826334
4.515910764224827
6.107489031041041
7.07027566852048
9.12475833017379
11.173101371852681
14.033531176391989
16.781055711209774
20.13361773081124
23.883931954856962
24.65006704814732
28.89276146888733
30.828730272129178
35.8694382365793
38.15417691320181
38.831663424149156
44.58817167207599
45.98472628556192
48.928409000858665
52.734620455652475
55.754070445895195
59.598118618130684
58.60067772120237
64.79709413647652
61.06937386840582
65.41052058711648
69.52122443914413
71.25903734564781
72.53890804946423
73.59731332957745
74.67169834673405
77.54145886003971
74.21365971118212
