706.9276157617569
561.9349830150604
456.19269025325775
375.62337255477905
318.8098832964897
285.04518696665764
262.57943964004517
250.63062971830368
237.71919313073158
231.0756983757019
222.7141648232937
217.032033264637
215.13309168815613
207.72719517350197
201.57114428281784
197.91176456212997
194.57845425605774
191.32220050692558
190.2110061943531
187.506998360157
182.90338802337646
181.71820464730263
178.72849026322365
176.09657737612724
173.51688233017921
172.44406047463417
172.71449172496796
171.0993521809578
167.8568006157875
163.7502080500126
165.44042746722698
162.7903232127428
162.5459409803152
160.79808712005615
160.80351202189922
158.10108022391796
157.34783086180687
157.14712710678577
154.26212826371193
154.46311415731907
154.543475612998
152.66328516602516
151.39506655931473
150.86437731981277
147.9001186043024
147.1002635359764
147.65266059339046
144.60369950532913
145.39649358391762
142.58175234496593
144.33248335123062
144.20519299805164
142.66197462379932
141.86693628132343
139.78383149206638
139.25062137842178
138.57782390713692
137.3077184408903
135.62045240402222
135.30594730377197
133.34600427746773
133.72025963664055
133.65127643942833
131.04584872722626
128.29043777287006
130.51030571758747
129.3723435252905
128.31068882346153
126.16451345384121
127.14816351234913
125.74670399725437
124.19816352427006
120.42474250495434
122.87936256825924
119.97217947244644
119.06850890815258
123.0109082609415
117.63114313781261
115.11971648037434
117.11715753376484
114.53042821586132
111.39310351014137
113.38262394070625
110.84888790547848
111.6764475852251
110.34495627880096
106.13765984028578
107.64011144638062
105.16012181341648
105.03414221853018
106.12423518300056
103.84264832735062
99.94182333350182
99.39774348586798
99.94409973919392
97.22603084892035
96.05210410803556
98.36499268561602
93.698027305305
92.89771366864443
91.38242206722498
89.50801585614681
91.2598019912839
89.07925391197205
87.79599697887897
85.80084259063005
86.64339211583138
83.91480262577534
82.22394043952227
79.78701801598072
78.6462747529149
77.19004972651601
78.83684481680393
76.61127142608166
75.46573090553284
74.20312018319964
72.53873229026794
71.99186240881681
69.60228635370731
64.78805773332715
66.48116866871715
66.58299454301596
63.32664255797863
63.6439151763916
62.845422718673944
58.49761411547661
59.156078200787306
56.11761208251119
55.21835622936487
54.110965859144926
53.63882699608803
52.87778429314494
49.931506564840674
47.30630283430219
45.98640078306198
45.97791090235114
44.112911231815815
42.460444793105125
42.52673827856779
39.52900391817093
38.493651929311454
37.32206912897527
33.685720605775714
34.49387864116579
34.60833633877337
30.477928021922708
30.701713690534234
28.687577017582953
28.246638373471797
27.116367981769145
25.83162044454366
23.283885178156197
22.001852926798165
22.370695928111672
21.26935942750424
18.45544284535572
17.126161109656096
17.7624129652977
14.645696607418358
14.917990358080715
14.295601242687553
12.894946679472923
11.384266086155549
10.52386307483539
8.82169204519596
7.760282090865076
7.429057258414105
6.691295196651481
7.208031228627078
5.0055093372939155
4.893313510227017
3.766276058391668
3.0874081473448314
2.4100743482122198
2.327589396853
2.428048167261295
1.9154653832083568
1.4874329403974116
1.4996297208126634
1.3118351817829534
1.1265241417568177
1.3166227118927054
1.0145041518844664
0.9298025218304247
0.9169532649684697
0.7990108342492022
0.7409421896445565
0.795181690773461
0.6921145229716785
0.701489991392009
0.730948845797684
0.6977415217552334
0.6821694496320561
0.7018425884307362
0.6746799290995114
0.6673401080770418
0.6665054083568975
0.656125753885135
0.6334128394373693
0.6717668093624525
