696.7017686367035
546.4262268543243
447.37021511793137
364.5933853983879
308.4917114973068
274.14675709605217
255.387803286314
241.73466405272484
232.1066580414772
224.26502773165703
214.75243723392487
212.085590839386
204.63006848096848
201.28960636258125
198.0013365149498
193.33401796221733
188.255192309618
182.9496099203825
182.11084538698196
182.04073068499565
174.74654772877693
174.50474579632282
174.26301807165146
171.0143599063158
166.68977585434914
168.45935268700123
168.02291436493397
163.67177006602287
163.79857477545738
163.24860261380672
160.51212237775326
156.81621542572975
156.05289110541344
155.59481544792652
156.53048595786095
153.2543579339981
154.64484809339046
151.3994613289833
151.9090050458908
148.61876663565636
151.19657845795155
146.68573355674744
145.79411526024342
144.74280515313148
144.16109654307365
144.25744512677193
142.20542757213116
142.8130285590887
141.46897007524967
139.74178898334503
140.8348098397255
140.4363294094801
137.58310762047768
139.61912228167057
136.1724571287632
134.63414433598518
133.9780701249838
131.06014388799667
131.7369977682829
131.08819480240345
131.3776240646839
127.00321489572525
128.94639463722706
127.7671926766634
127.86115063726902
126.12648176401854
124.36938042938709
126.00783078372478
122.626519292593
121.54093097150326
121.65141848474741
120.50551252067089
120.91608121991158
120.07805520296097
119.38681465387344
115.42034021019936
115.07064732909203
113.54283563792706
112.83163188397884
114.85396902263165
111.7798084244132
111.26343527436256
107.94248880445957
108.76299677044153
107.84130787849426
108.15814857184887
104.81387383490801
104.23382949084044
103.23089249432087
102.79510869830847
100.29944325983524
99.09049097448587
98.89787027984858
97.44016668200493
98.54042217880487
94.8713845089078
92.80726674944162
91.5453898832202
95.03805666416883
91.06685993075371
90.31637649983168
87.92888466268778
87.739540964365
83.39376493543386
86.15429422259331
83.865792311728
82.38622929155827
82.62481965124607
78.96429838240147
77.94150911271572
76.53577413409948
76.35503780841827
73.5521827340126
74.10609118640423
72.23308772221208
72.42576171085238
70.18519853800535
67.43737479671836
69.04134165868163
65.93723875842988
62.90239978954196
63.83735966309905
61.2096869982779
59.21461030840874
59.80719928815961
57.38969561830163
57.259957160800695
55.844374775886536
52.073690716177225
52.75723398849368
50.829685647040606
50.67008921504021
46.180553117766976
46.027816047891974
46.00515419617295
44.42514695227146
43.814293045550585
40.11224406026304
42.22117325477302
37.219024585559964
38.21970333252102
35.22289051860571
33.96099642291665
33.83213050663471
30.436359383165836
31.273889997042716
30.122429920360446
27.57203488983214
26.202020722441375
24.409887191839516
25.27959332894534
22.676268844865263
20.3872032542713
20.091242344118655
19.189117058645934
17.5190235148184
15.683431352488697
14.383544714655727
14.7903390689753
12.707809628918767
11.563339354470372
10.151311571942642
10.180290959309787
9.990845812484622
8.21371010155417
7.052459992468357
