1540543
2363505
2297032
2477058
2340472
2379407
2434326
2421331
2283650
2125845
2088582
2103165
2056210
1994407
1949389
1924081
1774736
1860222
1762198
1933143
1778114
1794227
1691485
1616304
1730131
1774585
1632123
1632771
1612145
1614643
1647502
1669400
1601893
1609979
1590184
1596705
1591062
1585085
1521247
1547020
1544195
1512256
1556792
1499168
1485678
1467969
1541697
1448868
1459817
1468622
1435657
1497915
1475956
1489803
1399346
1475866
1414762
1439878
1413267
1400600
1455645
1400009
1389073
1388187
1441517
1412059
1395855
1324068
1443798
1403160
1449474
1418442
1411645
1372005
1424108
1385709
1392910
1391104
1384900
1350101
1397708
1349308
1387117
1346371
1388082
1430634
1375335
1430199
1373299
1368391
1333197
1299829
1402727
1354274
1364156
1386639
1315145
1342223
1369287
1392100
1346492
1371054
1345173
1355455
1367072
1338644
1366616
1390151
1332923
1383095
1337519
1373390
1317323
1323175
1341701
1323123
1333416
1258955
1374787
1360615
1353700
1364553
1354866
1296442
1283894
1359176
1311340
1340329
1309561
1291022
1343282
1342325
1284019
1367307
1297505
1379379
1319178
1302433
1351799
1298129
1324991
1343143
1164482
1259831
1313845
1318157
1276805
1281750
1334215
1285342
1270476
1084010
1083076
1252094
1125005
1340484
1172205
1210876
1213219
1339932
1249279
1030286
1198217
1138928
1172319
1036486
1301968
956778
1107884
1031201
1176330
1078624
926584
1031554
982938
1132148
1183072
1069907
1059869
1003167
1194244
1013125
1032764
935887
1062395
1152630
1282899
1323631
1311083
1174101
929846
1403329
1324105
1342970
993435
931151
