708.9656414985657
567.304727435112
456.8637800216675
371.234836935997
320.4056797027588
288.25815469026566
265.0729564130306
252.79113492369652
237.00437331199646
229.71277552843094
227.49663001298904
218.88818591833115
211.78888380527496
205.98007947206497
205.02570873498917
199.16536730527878
196.69821766018867
193.41771495342255
190.69271618127823
188.1053477525711
187.8480178117752
185.6655292659998
181.28728824853897
179.64323353767395
176.3938483297825
175.34090107679367
175.23812334239483
172.56932266056538
169.65629309415817
167.2877434194088
167.38269202411175
164.79513792693615
165.51708595454693
163.18798692524433
160.5746170282364
161.06165599822998
157.41184751689434
157.57064953446388
157.93745876848698
157.6066190302372
156.86636851727962
153.2485530078411
154.40669791400433
151.58997617661953
150.34464806318283
150.66446755826473
150.9247908294201
147.29184322059155
146.73628897964954
146.51806929707527
142.54363402724266
146.72618928551674
144.85752408206463
144.00931292772293
141.17652197182178
140.74962309002876
137.30635564029217
138.87303344905376
138.00566416978836
137.53528709709644
137.04790817201138
137.24225223064423
132.13075840473175
135.1341818869114
131.86409702897072
131.1525463759899
130.0875449180603
128.35718889534473
129.87655673921108
127.40871965885162
126.5750819966197
126.56834721565247
123.7069921195507
126.31682132184505
122.60269048810005
121.71457681804895
121.42546674609184
120.18997558951378
118.39539244771004
118.08669608831406
115.52763937413692
115.94557072967291
113.92849672585726
115.42599903047085
113.2952276468277
113.28093749284744
112.4801008105278
110.10780815780163
108.1369833946228
107.10869920253754
104.0646797195077
106.67830191552639
103.39507291465998
104.28802715986967
103.42009589076042
101.68295497447252
100.34944754838943
97.9108323007822
98.72035852819681
95.95509248226881
94.89663276821375
95.48110177367926
92.66180535405874
91.25565135478973
90.8431156873703
89.79284255206585
87.27214262634516
88.89931175112724
85.30691337585449
83.92500737309456
84.42595443874598
81.83317299187183
79.73258046805859
79.16251743584871
78.56013330444694
75.7002028375864
74.57659129053354
74.51500633358955
73.98704337328672
71.16480845957994
69.11433059722185
69.3815603479743
66.73571930080652
64.96338707208633
64.95444148033857
63.02962787821889
62.170467518270016
59.764925606548786
61.108598817139864
56.31696956604719
54.51328409835696
56.237468760460615
53.207973036915064
50.065216705203056
52.008775278925896
50.20540653169155
45.25760144740343
48.460250064730644
45.08832899853587
40.248881693929434
42.34752614237368
39.32665709592402
38.71720646880567
38.360985999926925
34.96097360178828
34.19574147835374
33.44121821783483
31.82690426055342
29.930280807428062
28.242798917926848
28.150577316991985
27.992497473023832
25.490544172935188
24.235138466581702
21.087345882318914
20.544453823007643
18.0615581641905
16.68359474092722
16.844706354197115
15.987334427656606
14.649882528930902
13.855766339227557
12.307177579961717
11.150721344863996
9.330763355828822
8.608739864546806
7.698828788939863
6.191812789882533
7.197394863702357
5.4796820159535855
4.7417368333553895
3.8926717105787247
3.5648320991313085
3.058521577040665
2.743679918232374
2.4889329713769257
2.171400656050537
1.8606759163085371
1.5853787021478638
1.589625593391247
1.4607974965474568
1.1431919013848528
1.1448438654770143
1.1988992468686774
1.1700073661049828
0.9715273662586696
1.2549568234826438
0.8998467510100454
0.8139151528012007
0.95097409223672
0.8817145887878723
0.8862965772277676
0.8620262969634496
0.8302020290284418
0.8283601185539737
0.7972992036957294
