1540543.0
2363505.0
2297032.0
2477058.0
2340472.0
2379407.0
2434326.0
2421331.0
2283650.0
2125845.0
2088582.0
2103165.0
2056210.0
1994407.0
1949389.0
1924081.0
1774736.0
1860222.0
1762198.0
1933143.0
1778114.0
1794227.0
1691485.0
1616304.0
1730131.0
1774585.0
1632123.0
1632771.0
1612145.0
1614643.0
1647502.0
1669400.0
1601893.0
1609979.0
1590184.0
1596705.0
1591062.0
1585085.0
1521247.0
1547020.0
1544195.0
1512256.0
1556792.0
1499168.0
1485678.0
1467969.0
1541697.0
1448868.0
1459817.0
1468622.0
1435657.0
1497915.0
1475956.0
1489803.0
1399346.0
1475866.0
1414762.0
1439878.0
1413267.0
1400600.0
1455645.0
1400009.0
1389073.0
1388187.0
1441517.0
1412059.0
1395855.0
1324068.0
1443798.0
1403160.0
1449474.0
1418442.0
1411645.0
1372005.0
1424108.0
1385709.0
1392910.0
1391104.0
1384900.0
1350101.0
1397708.0
1349308.0
1387117.0
1346371.0
1388082.0
1430634.0
1375335.0
1430199.0
1373299.0
1368391.0
1333197.0
1299829.0
1402727.0
1354274.0
1364156.0
1386639.0
1315145.0
1342223.0
1369287.0
1392100.0
1346492.0
1371054.0
1345173.0
1355455.0
1367072.0
1338644.0
1366616.0
1390151.0
1332923.0
1383095.0
1337519.0
1373390.0
1317323.0
1323175.0
1341701.0
1323123.0
1333416.0
1258955.0
1374787.0
1360615.0
1353700.0
1364553.0
1354866.0
1296442.0
1283894.0
1359176.0
1311340.0
1340329.0
1309561.0
1291022.0
1343282.0
1342325.0
1284019.0
1367307.0
1297505.0
1379379.0
1319178.0
1302433.0
1351799.0
1298129.0
1324991.0
1343143.0
1164482.0
1259831.0
1313845.0
1318157.0
1276805.0
1281750.0
1334215.0
1285342.0
1270476.0
1084010.0
1083076.0
1252094.0
1125005.0
1340484.0
1172205.0
1210876.0
1213219.0
1339932.0
1249279.0
1030286.0
1198217.0
1138928.0
1172319.0
1036486.0
1301968.0
956778.0
1107884.0
1031201.0
1176330.0
1078624.0
926584.0
1031554.0
982938.0
1132148.0
1183072.0
1069907.0
1059869.0
1003167.0
1194244.0
1013125.0
1032764.0
935887.0
1062395.0
1152630.0
1282899.0
1323631.0
1311083.0
1174101.0
929846.0
1403329.0
1324105.0
1342970.0
993435.0
931151.0
