730.3909744024277
612.897320151329
560.5876688957214
500.07257103919983
446.6202629804611
413.06648337841034
385.2004816532135
358.04990816116333
334.54439759254456
319.67255663871765
308.01738929748535
296.2190891504288
289.02987733483315
283.9542695581913
274.7830584347248
267.999423712492
263.7873000204563
264.5095852315426
260.79400101304054
258.77043518424034
252.94707185029984
248.87917178869247
247.33350631594658
245.7332603931427
241.76705425977707
241.59381118416786
238.52088171243668
238.94527027010918
234.44312199950218
236.9999866783619
231.69602954387665
231.06859588623047
236.14406478405
227.45325633883476
227.96146216988564
227.02257925271988
227.11803495883942
224.0532332956791
225.60860159993172
222.52231881022453
220.81408420205116
224.12401273846626
220.2629997432232
219.87482339143753
217.42063608765602
214.44642007350922
216.08656892180443
210.0763988494873
213.87548506259918
209.75390341877937
212.55192983150482
209.34009596705437
209.43536293506622
209.6507463157177
207.89076554775238
205.76224344968796
200.16067349910736
200.42930257320404
200.46903908252716
202.2107849419117
200.15437269210815
199.0044922530651
200.40402671694756
193.49463951587677
188.99165418744087
192.29665073752403
190.97743210196495
191.74083229899406
189.6422175168991
185.98575592041016
186.70950183272362
186.79780653119087
185.23467622697353
183.9101868569851
181.58166033029556
178.90668027102947
177.59485951066017
177.34678618609905
175.87349244952202
175.63751904666424
175.36752837896347
171.5304448902607
169.23522013425827
172.03955945372581
170.1346480101347
168.94285713136196
165.89735290408134
166.40053617954254
168.12227687239647
165.99643343687057
164.23638625442982
161.11108195781708
157.5179721713066
158.5964785963297
155.56793215870857
153.44681760668755
153.00222650170326
153.40497529506683
148.491729170084
150.5635685324669
146.33992014825344
149.11478225886822
143.66370025277138
143.83261275291443
141.0366776138544
143.4214842915535
137.13279129564762
140.29363609850407
136.81301219761372
136.2747137248516
134.31386290490627
131.8146574795246
128.39141903817654
128.1326903104782
124.08148239552975
123.86985532939434
123.25595459342003
122.21665112674236
120.55009341239929
119.11788159608841
117.95958890765905
117.59836241602898
114.56395847350359
112.81702446937561
109.64368012547493
110.2528698593378
109.42508591711521
105.75962257385254
105.64655996859074
102.55464703589678
99.91383303701878
101.50587218999863
96.37652835249901
92.94163949042559
92.17374840378761
93.1271136701107
90.55683992803097
87.52116445451975
85.84264278411865
84.63117205351591
81.61378389596939
80.16096072643995
77.69139001518488
77.1495701521635
73.41695791482925
73.20775724574924
70.39854338020086
68.02137563377619
64.7063705585897
61.46101922169328
63.06690748035908
60.42582006752491
55.484201077371836
55.87480948865414
53.11875515058637
50.83676762133837
49.53066129423678
47.336344342678785
44.42300516180694
41.881188943982124
42.58420687355101
38.33904733136296
35.91317982040346
35.399402329698205
29.257793333381414
30.10934838745743
26.452528908848763
26.41119511798024
23.860784456133842
21.688209583982825
19.303374947048724
17.97127765836194
17.213539944961667
15.45892342319712
13.003983615431935
12.219579062890261
11.45574501529336
9.237529956037179
8.98735689278692
7.877547948388383
7.815824828576297
6.514664464164525
5.728093838552013
4.895963596878573
4.606959324562922
4.2666469709947705
4.166457421844825
3.7305389486718923
3.56947979493998
3.584987719077617
3.098166423616931
2.986078038578853
3.0324554180260748
3.2010182045632973
2.8305756776826456
2.617151599144563
