675.8147650957108
530.5596610307693
416.5880997180939
338.0061089992523
289.10555535554886
258.6928213238716
240.76269203424454
230.10407915711403
219.3724217414856
215.09569400548935
207.05710038542747
203.85220137238503
197.3165393024683
193.93137341737747
190.53876580297947
185.64129891991615
184.42153906822205
179.38558673858643
176.2864555120468
175.95645624399185
170.05214443802834
172.8671175390482
168.3438019156456
166.2600248903036
166.38588993251324
161.82745219767094
161.92512726783752
160.38616758584976
157.84051425755024
157.74536928534508
158.25868731737137
155.62055391073227
152.21116963028908
152.8177810460329
151.43322823941708
151.42619070410728
148.15298859775066
150.47537940740585
145.7278781682253
146.37887519598007
147.5495481491089
146.2602086365223
142.22998349368572
143.63858602941036
141.03816418349743
141.4958295673132
142.95027954876423
140.6899250149727
136.90500055253506
138.06771616637707
138.20936067402363
134.95796830952168
134.36045759916306
132.90335910767317
133.63068421185017
133.21992610394955
131.53926096856594
131.34201605618
132.17923438549042
130.0234958678484
127.60500812530518
128.6263145506382
125.43694445490837
125.61112780869007
124.07972034811974
124.46856854856014
123.01894702017307
121.51896952092648
120.07340408861637
122.39236783981323
120.41200295090675
118.38830015063286
117.77335730195045
115.02955947816372
117.22712200134993
116.33184091746807
113.93626601994038
112.77501493692398
112.39390766620636
109.95354943722486
109.12751018255949
107.63316790014505
108.86215130239725
105.7402671277523
106.71354555338621
104.94997153431177
103.42620926350355
103.20853467285633
99.29070760309696
101.56610610336065
98.79876162856817
99.42347378283739
99.10870696604252
95.55027034878731
94.62463928759098
92.68831942975521
93.1503975391388
91.68654651939869
91.59653108567
89.10236443579197
88.306018486619
89.79586984962225
85.52457293123007
85.33180966973305
83.28977025300264
83.0349603369832
83.05215522646904
80.097446590662
79.26663237065077
80.26266550272703
74.57348957657814
74.7311529070139
74.14501453191042
72.38551047444344
72.55395466089249
69.25583507493138
67.16240457072854
67.97055587917566
65.6407515630126
63.88407065346837
63.68973807990551
62.27706569060683
62.33215903490782
59.658134911209345
57.53193737939
55.98795864358544
55.564219519495964
56.2367481328547
52.504125744104385
50.25999677553773
49.98453954979777
50.76912261173129
46.477257926017046
45.14931501634419
44.09726420044899
43.791013764217496
41.78445438109338
42.52948238514364
39.225666081532836
38.04904626309872
38.245838310569525
34.48952844180167
34.15039094630629
30.90497972536832
31.296642389148474
30.101831583306193
27.261744059622288
26.399107471108437
25.903439657296985
25.14679537434131
22.541633069049567
21.173357129096985
21.889966101851314
20.54737451625988
16.564273820258677
16.603139026090503
16.948249553795904
16.135547953192145
13.392468334408477
13.183640069328249
12.09014089894481
10.689908415777609
9.594936040928587
8.018228464992717
8.405287819099613
6.2960598728386685
6.6357367226155475
5.107658936758526
4.601981458486989
4.491961627732962
3.45613917557057
2.6517107280669734
2.944777553086169
3.067289306083694
1.868316751322709
1.8399860484641977
2.0000828694319353
1.3649338824907318
1.3817491652444005
1.2681062392075546
1.080708268797025
1.0639472043258138
0.7734771991963498
0.8427277511218563
0.7647919508744963
0.8823049373459071
0.664931763196364
0.700459620100446
0.6970375652308576
