754.6973339319229
609.9647827148438
534.9193280935287
452.3637524843216
388.1347585916519
338.86186039447784
311.6791153550148
275.15904381871223
264.32101997733116
247.37152191996574
240.01036363840103
227.86835315823555
228.45810195803642
223.0057691037655
215.72831189632416
212.52588886022568
208.85966256260872
204.5935662984848
198.21003906428814
193.83767947554588
195.20836597681046
192.79858922958374
190.3122078180313
187.49508398771286
184.75165644288063
182.0181597918272
183.66188852488995
184.69945231080055
177.94148044288158
176.4579118192196
178.61088766157627
173.76706770062447
171.1784130334854
170.39380857348442
169.3530429750681
167.08493688702583
167.8218145519495
163.46946142613888
165.33628185093403
163.5764385610819
164.6809284389019
161.30382378399372
161.51265229284763
157.60696214437485
160.91337576508522
158.445497199893
157.65224385261536
156.67071501910686
153.1033295094967
153.15204201638699
154.0427843630314
152.12785157561302
152.42721796035767
150.17823109030724
152.53815387189388
147.72136695683002
148.4978239685297
146.92149791121483
145.66147501766682
143.90666304528713
145.3908120393753
144.6812805235386
142.48283711075783
142.9978963881731
138.04280926287174
141.16047213971615
138.32439313828945
137.74770821630955
136.14740231633186
136.14960211515427
141.45632502436638
133.99007683992386
130.33121505379677
132.217244759202
130.0999139547348
131.62203937768936
128.6074923723936
129.07386182248592
128.9180450886488
125.8717547506094
126.71007460355759
124.2758582085371
122.03392791748047
122.39021614938974
120.51380009949207
119.0690456777811
117.80460450053215
118.63057281076908
116.45772399008274
115.28858253359795
114.7960771471262
114.54645644128323
112.63276632875204
114.02107545733452
110.87200109660625
110.03328222036362
108.50237353146076
108.00827424228191
105.04631919413805
103.31081477552652
104.54133332520723
100.44338751584291
101.8112555295229
97.2720090225339
99.0482190400362
99.13842158764601
95.70794502645731
95.05210992693901
95.99492225795984
91.04942964017391
92.11840622872114
88.60182194411755
87.10106755793095
88.31904035806656
85.34595683962107
82.07720705121756
85.53254450112581
81.49498877301812
80.84566905349493
79.49856903403997
78.88576879352331
76.01027113199234
75.74856809154153
71.71002317592502
72.63621188700199
73.21979247033596
69.6745770946145
68.96196890994906
68.15360005572438
65.36766263470054
64.50410452485085
63.667565904557705
62.116708155721426
59.1268322058022
57.69993606954813
54.59350210428238
54.2597016133368
54.388828225433826
50.98360963538289
50.79578246176243
47.356265464797616
46.6362935770303
44.399240516126156
41.846041379496455
41.067082941532135
41.24746340326965
38.15033898688853
36.140432408079505
34.22382639348507
32.74807296320796
32.617712368257344
31.05550456047058
29.100783778354526
26.69215744640678
28.217960842885077
24.99456815328449
22.52227679686621
24.18284240923822
20.168915304820985
19.166329060681164
19.101066585164517
16.498162316158414
15.441097137518227
14.22885690513067
13.00734017463401
10.302114320686087
10.090776849770918
8.422556288540363
7.589888350339606
7.324813707149588
4.838452054886147
4.9760789793217555
5.1701893750578165
3.984586437465623
4.049341132980771
3.337023079278879
2.7289753780933097
2.3794056084007025
2.3686462313635275
1.8227701426949352
2.275671409443021
1.665223445976153
1.6540565398754552
1.4752918069716543
1.3280224691261537
1.2791446299524978
1.2300728120026179
1.1757968381862156
1.123379201919306
1.0273004962364212
1.0955985642503947
