717.3918113708496
588.5515806674957
489.9079180955887
412.5393314361572
368.6733512878418
332.2172638773918
305.33025884628296
284.6777333319187
273.91395035386086
261.3464846313
255.43270087242126
250.0404446721077
241.46462094783783
235.8589594066143
233.3339186310768
228.15934723615646
225.13291209936142
218.10811311006546
215.2712764441967
214.4405299425125
212.5582620203495
211.37991589307785
207.4397453069687
207.8015718460083
204.28271475434303
202.0189153254032
200.63684502243996
199.34006696939468
199.0963410437107
196.23175251483917
193.47668436169624
195.1385681927204
192.1571899652481
188.84485411643982
190.22396409511566
187.4482829272747
185.78547784686089
185.07173943519592
183.091267734766
182.4776084125042
183.53919368982315
180.207045763731
179.27670900523663
177.02881281077862
175.77651308476925
175.01698304712772
173.1883593648672
171.13728520274162
170.44954094290733
170.40792435407639
167.40747015178204
167.91978085041046
168.18987426161766
162.448862940073
164.47570511698723
158.97219468653202
162.4202850162983
157.25462365150452
160.38346596062183
156.5239812284708
159.7880408912897
153.25198644399643
149.96458698809147
152.74012905359268
149.89461739361286
149.35268913209438
147.40795063972473
147.52011601626873
146.6249096095562
146.2941120415926
143.4138337224722
141.63498774170876
144.10232926905155
141.72287958860397
139.16276712715626
136.17230774462223
136.78558260202408
135.9139518737793
132.74041330814362
133.08390963077545
133.3973879814148
130.7856603562832
129.12033757567406
129.55149327218533
127.28695245087147
126.58790412545204
122.3332371711731
121.68416206538677
124.94349721074104
121.32882066071033
118.88017183542252
117.89823654294014
118.87050546705723
117.95759698748589
116.52045358717442
115.15920273959637
113.40435683727264
111.80338408052921
109.70569796860218
111.26066926121712
108.28880839049816
107.42586027085781
105.86358281224966
103.69543877989054
103.25382886081934
101.28579073399305
102.22999259084463
100.11233691126108
96.94674815237522
97.59341542422771
94.9300200715661
93.24416500329971
93.26598519086838
91.45753451436758
89.11213651299477
87.16068534553051
87.21040856838226
85.9881475046277
83.77378860116005
84.10963275283575
80.84704688191414
78.00433262437582
79.44125359505415
78.74056704342365
78.0805769637227
77.39956744760275
70.9198285266757
70.52497179806232
70.90791039168835
68.26808142662048
67.60181738063693
64.87270372733474
63.773276690393686
63.71249436214566
60.91360078379512
57.70087479427457
57.813008047640324
55.615898702293634
54.84572118520737
54.54032766819
52.38433746248484
51.0925929248333
47.75926851481199
45.95032569952309
45.502042438834906
44.87701366096735
41.06250702217221
42.21884747967124
38.63490442931652
39.049137031659484
